518
760
214
437
745
833
883
877
578
865
916
665
704
1026
396
688
757
164
203
670
1079
277
795
794
203
290
665
180
251
334
405
655
826
500
1085
283
609
479
179
231
698
443
794
861
625
1011
732
910
561
857
612
594
395
523
499
741
605
110
849
689
1045
1041
998
899
817
162
191
1035
117
242
145
445
934
230
1062
749
352
458
370
576
706
927
570
605
332
287
331
750
774
118
552
412
269
513
625
1018
981
1086
621
235
1027
1071
896
869
731
995
735
1015
834
373
745
296
460
563
237
601
286
722
138
109
960
204
1033
851
602
170
900
541
932
831
335
207
954
912
964
653
863
172
657
228
963
731
1078
180
375
374
304
980
401
508
543
222
306
129
942
641
689
719
653
134
923
1097
225
1017
468
456
279
155
307
488
1045
549
914
323
988
989
1096
895
638
541
632
171
457
728
783
898
494
431
737
210
448
179
917
784
788
641
725
854
250
127
112
786
134
916
979
123
844
484
308
262
709
887
481
288
268
1091
320
762
171
837
282
474
582
502
409
677
172
266
944
331
429
1052
1007
209
282
126
413
1099
179
512
882
1044
456
975
908
709
1092
1014
417
1016
387
325
1097
896
551
819
1097
1012
969
816
136
269
524
174
170
723
1014
532
730
240
891
1060
125
1066
726
205
689
1079
833
560
200
914
930
479
338
314
504
742
326
759
512
644
467
205
152
326
572
721
774
960
400
866
1041
513
614
392
342
481
777
775
262
137
295
772
784
1010
794
742
805
301
1038
715
857
550
459
1039
882
787
664
399
905
185
893
496
241
1065
377
592
662
698
535
522
848
1093
678
817
489
795
534
729
965
451
118
948
832
466
747
566
1062
218
240
485
740
281
441
934
189
652
592
1080
758
925
331
320
886
781
141
929
331
909
304
947
143
997
799
1054
926
467
1071
1015
316
710
1009
750
1031
375
1052
520
272
714
907
472
638
1049
292
676
608
973
691
1003
831
595
271
665
855
691
349
133
581
831
427
942
314
595
194
845
215
727
614
132
292
950
753
468
1091
965
124
279
530
879
630
122
969
821
206
202
1015
971
633
441
199
973
278
681
514
972
727
284
868
1041
358
217
575
903
568
954
330
581
1065
511
913
529
262
950
184
948
1089
202
1039
268
942
656
969
780
490
1090
793
885
176
651
777
199
863
1049
568
647
420
251
740
621
690
497
726
992
868
1095
465
466
884
707
869
888
868
385
777
360
455
933
295
840
683
875
1073
226
833
768
391
693
310
842
692
393
427
436
134
966
614
756
117
240
346
603
516
158
323
156
252
780
893
767
265
393
319
143
739
635
261
1013
856
816
969
723
1042
415
308
831
302
397
794
450
102
939
228
265
1028
1036
421
479
907
757
850
139
146
666
769
269
345
508
376
1081
324
181
590
708
666
556
113
334
547
108
895
116
370
429
1070
789
381
379
561
371
291
972
259
502
415
600
300
665
784
788
408
528
266
385
242
1037
666
902
153
346
714
128
679
922
506
917
282
274
868
952
840
510
945
743
325
550
700
491
738
142
733
851
1033
514
938
839
1074
494
600
1073
569
636
611
622
150
512
422
821
238
827
357
297
396
1003
177
859
235
985
771
211
1028
542
955
700
1033
771
858
1065
696
995
162
407
1052
121
728
314
533
301
604
934
185
536
166
900
544
370
1099
850
1035
871
306
1012
223
442
643
626
756
736
595
302
349
350
1032
1002
913
746
108
931
174
973
576
222
143
787
1098
624
459
561
192
344
254
445
140
335
1099
589
656
239
596
249
367
462
933
374
1056
433
545
312
536
651
338
563
231
474
580
939
638
706
726
578
969
730
379
317
720
958
307
373
863
931
964
1061
315
516
300
146
691
1099
265
587
927
194
483
343
788
973
900
401
350
899
764
310
814
783
148
1023
852
814
409
1080
1078
731
592
100
820
690
588
583
835
951
759
297
286
279
502
525
396
744
538
835
890
1069
1010
498
417
868
649
1038
513
864
410
475
895
692
816
495
646
130
877
1073
182
603
239
579
311
327
309
369
741
885
860
263
468
550
627
567
392
697
830
864
836
548
442
156
1057
905
937
401
1092
641
575
530
918
397
901
823
374
248
199
1020
838
431
996
210
526
342
1095
163
714
231
771
687
1032
655
159
793
650
566
980
523
938
796
707
259
1096
141
313
838
275
806
470
378
1090
1082
273
115
360
685
640
962
1074
383
702
810
144
162
241
114
446
939
1092
521
690
940
668
468
594
588
126
428
938
193
741
100
907
381
664
332
1000
924
136
1090
803
248
773
243
579
1022
420
408
241
411
728
792
926
799
411
575
198
409
217
364
690
1052
188
761
805
232
438
724
768
714
245
310
288
378
463
660
868
1064
