1321
2018
3945
7734
4459
8875
5192
6091
8425
3319
9917
5831
3580
4046
4636
6163
1484
6061
5399
2494
7321
4899
2886
1613
6637
2721
6805
7610
7792
3763
5182
3765
5122
1588
3400
2125
2764
9865
4703
6830
7499
8333
6350
1772
5978
8955
1483
5391
2558
9270
6122
9311
1440
1957
7539
1576
6346
9054
1801
8428
9175
10802
6834
1615
2314
1455
7472
3078
1430
6511
4873
9343
9165
3462
8663
5067
5675
10345
1750
4503
10784
4660
9207
2643
10931
2680
9732
1177
1169
3589
5808
9482
1606
9134
5492
8532
10743
8218
10907
10443
5884
1887
7595
3260
6675
4944
7180
3652
9945
10183
8440
3359
3430
2535
2942
7347
10948
8177
6692
9257
7350
2984
2805
2196
10494
3207
2526
3387
9489
7042
2341
6218
8923
2584
4564
4425
5697
7613
6818
3735
3969
4088
3454
4866
2136
7272
5718
9800
5073
8525
7872
5923
5173
3260
5741
4446
9321
3042
7972
2819
5895
7187
3927
6744
2114
9018
10343
9999
5366
8381
2452
4112
6343
9965
9754
5139
3087
7864
6210
3479
9963
3207
9641
7138
1904
5711
5460
8317
4268
8060
5601
10945
1856
7814
10749
8778
6791
5341
4772
10475
6246
9984
3222
7053
2330
8458
7251
2221
2846
3373
4589
8493
10604
8203
2921
8323
8102
3600
9270
4003
9843
8778
7326
6787
7827
1615
5570
1862
9899
7658
3211
5400
3049
10666
9434
6846
8178
6422
3052
9286
5774
10233
2672
6824
8022
6388
10461
9155
10798
5090
7666
6005
4057
3153
2055
9716
9316
3185
8516
10444
2401
3055
4326
7463
5663
2958
3371
6285
10051
4700
10895
5882
9137
5224
3697
8760
3788
7092
2976
2587
1523
1451
1602
2579
2757
5951
4433
6257
3170
7127
1141
7979
7453
7089
9933
6957
3249
3403
7698
8628
3620
5180
3616
6720
6359
7772
8223
7236
3396
3642
3622
8982
2378
3138
2010
10657
5392
7317
3751
4944
7511
3645
9651
9534
3145
9615
6066
9377
3729
5503
10371
1203
8507
3693
8904
9023
5561
3789
8966
2291
4234
5195
9794
7371
4975
6966
8104
6013
1221
8748
8832
6592
10409
5481
6379
10973
5838
1023
8776
10739
6964
9718
7235
1430
8229
2377
4642
4761
5927
8099
9014
2445
7215
3038
8334
4383
9061
4427
3605
10832
10801
1695
5789
6506
8337
9231
4649
10948
2903
9725
4702
4354
5781
9663
7749
6838
6763
4850
5840
6108
7194
8064
3374
6148
1844
5667
1103
8401
8996
6862
7360
8532
5404
6417
3255
6347
6195
8254
1851
2679
3828
2189
7623
8116
6873
1988
1129
4177
6170
7379
1997
8869
7110
4811
7591
5977
9082
2672
2667
4753
5794
1479
2365
7979
1456
7210
7303
2106
1505
7705
2079
4427
9515
5538
2046
1845
5662
4644
9563
5092
4161
9860
3974
9964
5806
7735
10357
10083
10586
3583
6702
7627
9673
1181
4056
1723
5544
6362
2558
3385
1976
7485
2598
1825
5863
8486
4149
1547
7348
5261
9834
3606
2546
8555
1587
3202
2619
4605
10127
2595
5349
4497
3567
4123
5302
7977
6793
1666
7408
9021
5374
10295
7897
9338
2827
1363
5819
4868
7090
5510
8152
2297
2588
1666
2004
1696
7518
8170
5231
3790
3858
5592
7726
10865
2294
5060
2230
4085
7817
7505
10830
10542
2870
4897
5496
6911
2023
9044
5964
7955
1646
9047
5444
6879
4271
1917
4689
2895
5965
9947
5900
4555
1315
4533
5719
5516
5345
5167
9293
5840
9679
4864
10002
8343
8500
10774
10514
9484
10131
2565
6600
4696
6192
1745
7352
3425
4842
6147
6208
8611
9087
7360
4071
2853
2730
3742
6133
8257
9895
3537
8506
8738
1237
7484
8220
10273
2116
9625
2858
6254
6747
10762
5286
6714
5048
5159
5297
8104
4672
7522
6036
8550
9731
2089
5381
4239
10658
10215
8768
4490
2417
1923
1885
8256
8110
4280
7196
2739
5330
7697
3535
3294
8758
6585
8155
9530
9262
9037
8056
5268
10905
5370
6714
4317
8398
3710
3849
5568
1097
9428
6083
8514
6183
5961
1898
7451
8906
5996
6707
7661
1426
2977
10039
8059
10253
7751
5650
9340
8856
2380
4738
7488
2747
9926
9559
5066
9270
7270
9163
4413
4310
2804
3870
4575
1292
7613
10104
9164
4181
10808
3825
2489
3576
1737
5407
2382
4019
6092
9494
9473
3187
9882
8055
1820
8700
3751
3533
10452
6948
1370
6122
10487
6092
3651
8663
4390
2723
9945
5994
8299
3603
9472
2662
4094
10640
7820
1469
9921
9778
3834
7501
1961
6876
1372
1626
8273
10402
6809
4817
8117
8546
7304
4673
9391
9868
5770
10005
7329
1798
5047
5493
9770
10341
10035
3620
1585
3630
6398
10562
5663
5588
10069
8344
3254
9466
8911
5248
7231
1233
2605
7649
10754
3993
8957
8624
5174
5546
7586
9953
6978
6669
7723
6032
9467
10170
7402
7572
5041
9256
2110
3339
2565
8748
10384
10305
7390
1545
10321
4884
7985
5863
8426
3146
4944
3187
6858
2145
7366
8448
6258
1936
10445
2514
6257
10542
4190
7622
7524
1904
5554
8900
10235
4004
4375
1386
9199
2809
8695
8008
3173
6758
10760
2178
5687
7207
4177
6767
9128
3303
5517
8530
5713
7792
2641
2544
3780
1343
2358
2799
9021
9531
9446
4760
7585
3902
9335
1425
8466
6300
3749
10679
5169
10836
4718
10448
2053
1366
9334
6355
7072
4616
8648
6790
10236
1162
5775
9840
10574
4258
5822
10948
10590
5900
3255
10855
1430
9791
2382
1142
8055
2336
10835
9827
10869
2761
7806
3488
10045
6130
7126
5986
10695
9630
5821
1382
8379
7836
8309
4577
10057
3755
5539
9482
5640
8312
4405
8469
8108
7036
5922
7222
8360
1606
7211
7770
3096
5747
1642
10311
3655
7512
7398
10750
5537
10858
7795
4665
5249
8518
4641
8082
5680
9314
4032
2372
2916
8088
2621
7467
6646
8699
9775
9258
9396
7394
9955
5785
7725
9183
10417
3121
7500
4798
8244
6634
4236
5392
9747
1378
3311
6499
10557
1974
5581
6362
10189
4693
1958
8206
5255
4512
3028
10846
3142
9943
8055
8639
9191
3804
3004
8652
1800
3746
1911
9297
1397
4681
7838
10504
3966
1170
9748
2934
9873
1256
1792
8664
6804
10005
4457
1175
10180
5906
5058
10546
8842
7574
2031
5820
5301
8014
8833
9171
3189
4486
9012
5101
5303
8696
3232
2601
8048
10859
1200
9532
8330
1256
3490
4936
2679
1491
8708
2696
7381
1370
4356
10892
4296
5099
7563
10713
3276
7207
3161
7746
3043
1973
10055
9816
4607
3762
2648
6811
5668
5389
5306
2527
2202
2726
6269
6772
8289
7255
4973
3705
10295
9665
7411
4328
10116
5198
10851
9520
7812
3105
2320
4652
6459
6606
2375
4205
5641
2483
10183
2168
7769
3651
4070
7435
6331
2236
3867
1203
6005
10304
10189
9529
6644
1468
2606
8961
5471
9019
2607
3478
3179
4516
4714
6997
4439
2794
5974
8239
6717
4052
4648
8063
9400
6146
5252
7317
8391
2731
9226
1984
10779
3848
6037
3386
2116
7354
4822
1861
7106
5717
9238
8624
6617
9587
10582
4898
5674
3074
10082
9116
8442
2987
7680
9574
2809
9596
8609
7395
8167
9597
3247
4635
3317
4827
10457
5178
4213
5768
9655
6307
9623
8624
2490
2153
8413
6255
2697
7333
6912
4139
5642
2699
4062
1654
3056
10622
10890
3643
10141
5465
2470
1141
2720
3675
9417
2664
7200
1659
4999
8024
2993
9901
7721
1300
2838
5003
6735
1152
6023
1791
10899
3623
4571
4108
2557
5546
8389
3937
4149
1861
3590
3111
3312
1772
5361
4971
3765
8820
7910
8657
4957
5574
3100
10468
5163
4935
8192
6285
5156
10115
6446
3426
6974
3274
3017
5462
2427
10650
5404
6341
9394
3000
1238
10832
4907
8108
3843
4739
6884
9340
6795
7505
4416
9615
8554
1746
5686
9878
6289
3920
4677
7143
10099
1510
3743
4911
8163
1854
7168
5754
1017
2018
2114
5980
9426
9119
5958
2950
6433
4654
2692
8989
4843
3099
4138
8553
2061
8608
8486
9680
2769
10105
10092
3127
3204
7932
7202
3222
5125
9702
5207
4998
9501
5250
4689
8993
1581
7728
1606
9644
7674
3038
1382
8840
10802
1961
10496
2390
5862
8052
2523
8087
8463
10134
6904
9728
4930
1117
8828
5527
7293
7749
5139
10067
9420
2507
9527
2946
3231
4006
10661
8078
9969
1091
10607
7189
4327
8991
5245
4538
2322
10644
1508
5562
6512
2405
3402
9097
5935
8782
2605
8841
5065
3518
7657
8118
6028
7420
8462
9159
3491
10653
5762
10412
6994
4053
9180
4786
6600
3857
10861
5433
1728
10917
4460
6079
1750
6588
2022
1616
1348
6747
6505
3424
2931
3186
5173
4058
10822
8762
9084
6373
3358
2671
9810
4994
9857
8356
8004
2539
1970
4122
9829
4042
8224
2198
3278
1287
6861
6414
4408
2238
6187
5499
5188
4279
10323
1890
1804
5047
10864
7384
2615
8232
4076
5155
7958
5812
7888
10611
9760
2832
5919
7636
10860
6186
3084
2050
9923
4963
10541
8305
5354
9104
8918
2331
9377
3113
10643
1230
10966
6325
9608
4911
10740
1438
7957
6342
10278
5079
9600
6016
6976
8188
2784
6769
3818
7282
7271
6383
7937
7663
9453
8463
9541
10813
4465
4014
3097
5385
1045
1717
7816
5181
10742
2243
3904
8913
4230
2795
5701
10523
5265
4913
9925
1914
10755
8596
3599
4213
9940
4218
7676
1372
3672
5748
2283
8482
5773
2067
2791
8658
2447
1935
8951
3570
6924
3812
3025
6908
8003
2175
7160
10697
9340
7976
7916
7473
5499
3302
3555
2590
9680
8847
3196
6067
1594
8924
10090
3782
7578
4475
10819
8421
6108
8682
10342
4072
1121
1441
7293
9029
3053
3602
6916
3091
8538
10028
1164
9516
8079
3851
3978
1891
5579
1083
6750
2368
8728
2051
10440
3748
3449
3499
8976
10460
8029
5354
7875
3770
6782
8605
5126
3156
7832
5045
5508
3323
6993
4454
1813
2168
10902
7104
8578
3621
2578
2235
4778
9546
10676
2657
3174
2660
2549
7200
5783
6321
4903
7760
8408
1586
7721
9601
2260
1785
2987
3599
8952
6342
3843
8881
3184
3730
2034
6844
8584
5883
4564
8952
1297
1945
9251
2897
4444
5301
2448
5053
1995
7354
10516
6030
3103
2730
2843
10000
6162
3064
4622
2224
8344
6875
6861
7996
4981
2745
1217
7951
6722
9789
3870
4000
5109
7836
4238
8947
10025
1376
1195
1882
1553
8144
2171
5031
8282
2554
5301
4987
5820
9175
5646
7563
4791
4729
2035
1407
8079
10249
5670
4542
4336
4731
3952
7183
5443
3139
5202
2940
10992
8709
6387
2548
7800
1930
5654
5308
1839
1511
7915
10051
4555
9212
1215
1714
7491
8311
9131
7406
6470
8542
6825
7424
9077
9025
4169
6009
7987
4955
7008
3237
1765
4736
7016
6733
9359
4071
9933
2236
1622
9476
3421
7717
10094
4706
9190
7762
6581
2860
2032
7960
1708
5103
2480
6311
7057
6055
2586
5995
10148
10621
8075
8087
8693
7285
5168
4504
7429
4686
4903
10338
3416
2610
5279
7978
3519
5111
9852
10307
6003
4000
5982
10765
9132
3167
2369
8333
7878
5060
10299
5166
4189
7162
1255
10598
8509
7910
2623
2459
2245
2936
9282
8240
3583
1700
8413
7737
1163
4935
4767
2345
6924
4796
3698
2370
4712
6695
5836
6123
8087
3917
8656
2646
9569
9445
3552
4555
9122
5368
8757
9886
7575
4869
9534
1417
7758
4177
2008
3809
1258
2238
9192
7090
1770
9106
6120
2461
9296
6369
9260
2611
3686
1724
6665
5328
6652
10853
3671
5621
10963
2212
5338
6238
1824
9456
3763
4717
4171
9895
8409
9899
3866
8520
8602
6807
3618
5628
6840
2711
9472
10085
6305
7045
1977
4507
3719
7528
3652
10559
4922
10173
5905
3109
4344
6419
4017
10908
9690
6524
2240
2654
8565
1140
7191
3333
8040
1606
4091
10761
5160
1816
7897
6736
10806
10304
7257
4158
9160
3143
9845
2469
8128
2981
9772
8249
5129
3291
2399
4555
4531
5847
4066
7298
5254
4650
10469
5841
1613
3970
1885
1993
1965
3108
9869
6174
4779
2709
5141
5612
2383
7330
3169
4899
2216
4644
7610
2513
7284
10394
9126
3258
4843
6022
6956
8903
8385
10956
9983
2082
4569
7912
4012
7033
2331
1638
3682
9807
9372
7782
10758
7469
3317
9206
1929
10949
5148
2274
9214
3788
1688
6112
1032
4317
10088
7397
1586
3793
6296
1956
3842
5888
4336
2329
2115
2840
3439
10787
1452
2779
4311
10192
6479
7775
2275
6196
1563
3907
4587
3849
2464
6640
4580
6819
7463
5243
10053
9636
1568
5520
1579
6149
2017
10115
3098
9635
6744
6201
8559
8936
7007
5653
10274
4016
7820
4542
7080
8942
5827
3413
8598
4042
2431
9596
3293
1010
6215
6559
6357
1798
2807
8593
9713
3427
8972
2316
5463
4609
6424
8376
10417
2950
6430
9933
1275
4161
4407
4197
8043
5060
9403
9428
8853
9243
9691
2213
10139
10722
6161
10881
3742
9658
4065
8747
7121
5627
8508
10085
10967
3119
3487
10364
10651
10743
3486
10859
8754
2315
8002
7537
7195
2718
2878
3220
8450
5121
7438
3008
2036
10093
1881
2772
7070
2730
10673
1399
5996
6098
6111
1908
8267
4979
5631
3619
6626
1643
4909
2793
8115
6025
3082
4712
8099
6392
3860
1654
9105
1144
4999
5506
7706
3506
6461
3960
3307
1744
6734
3123
5023
7802
6452
5939
2956
6923
1218
7818
5033
1803
1314
8500
6274
4224
5808
10029
6303
2608
2819
3990
6603
10338
6636
3412
3600
1465
1172
10229
5267
7760
7991
9336
8397
8310
6226
4950
6963
3978
5750
7677
7771
2328
9231
5931
9261
2095
10545
9541
10404
9407
5181
2037
4359
8635
1538
10404
7436
7781
10114
1808
9830
7644
10459
3309
1090
4088
2642
4280
2922
10684
7643
1398
10780
7274
1981
8238
5111
2419
10530
3740
10028
8360
2552
4403
1515
1206
5170
5167
6879
6549
5572
4102
4374
4044
3858
7562
3141
5954
9566
1480
3328
7488
10459
10809
1338
7879
8383
1554
8310
4191
6807
9200
6045
10154
4333
7144
5754
1138
4367
10901
7374
7730
8262
7480
6811
5431
2451
9524
3590
10099
5655
9562
8916
7927
8373
10363
7653
3247
1256
3838
9650
2392
8966
5734
10780
10603
7202
1127
2983
8467
6391
8878
9896
1362
6264
6326
10831
5103
10205
7681
10334
9302
3434
5487
2323
4736
3290
5683
4599
3153
2253
10953
10425
1947
4092
7751
4108
10760
4781
8830
7595
3334
5944
3263
6994
1345
4986
10151
1003
10084
3333
6926
2191
10796
9548
9066
1311
1671
9105
2730
10019
3886
4019
5436
10123
3627
5422
1092
3067
6688
7386
8535
10516
4666
8724
10328
2754
9833
5919
1224
1405
3843
8905
7098
8089
7943
10652
8033
4080
6003
2248
10998
10062
9988
5111
10937
5868
5714
2265
7277
6137
8611
3863
1626
1405
10385
8504
3852
9996
9005
9606
6163
10927
5102
10237
7790
7162
6142
5307
4536
4413
1962
8698
7927
8728
5092
5436
10190
1720
4351
5892
4874
3001
8045
2737
10954
10889
9289
7145
8624
3856
6965
3953
7879
5402
4450
2872
1506
4759
8452
10718
9192
6442
2095
3796
10232
4838
4303
5552
1469
5878
8468
2825
1463
8176
4639
7701
3971
9896
10310
8918
3576
6815
10533
1493
10344
5692
3163
1784
7097
4886
8677
7559
10679
6137
9480
1331
1334
5177
10958
6365
8726
2716
7330
4472
2848
2688
3634
5277
6129
5516
7771
1141
2762
7929
3572
1226
3963
8479
7906
7370
7754
4709
9986
10722
4825
8234
2999
7303
3052
7237
3177
6649
1488
3663
2895
7811
1124
3127
4173
8045
2063
3668
8184
5472
6933
5503
10742
10107
5984
6092
9208
2651
5163
1632
7415
1740
4267
5553
4964
5298
3012
1342
2172
8771
1793
6280
8372
3546
3207
1915
4448
8866
5881
3221
10458
2328
4423
3773
4684
5837
9317
3808
3293
1837
7872
4971
10726
4945
2099
9168
8958
2021
8695
8080
6951
2297
4221
10035
8701
1438
8844
10620
3316
5708
1279
6767
3678
7371
8270
10079
5904
9949
2562
10504
10825
8619
8890
6091
6616
5331
3589
5665
1123
4605
8544
6661
6144
2994
3586
4779
7634
9056
8418
1381
9211
1872
1322
9033
3045
9333
9868
2062
10416
5921
4180
7190
2021
5476
7958
1466
3938
9963
8886
7919
2722
5756
9766
4238
1116
7192
1163
1991
4942
8246
10887
6683
10538
4751
5641
9118
8970
3005
9377
4725
4838
10039
2066
2976
9364
9831
10499
6133
5105
1491
7533
1402
3284
4501
9933
3648
5416
9968
5906
2041
4059
5991
5217
9375
5103
3571
5415
10671
4363
7908
6991
7339
8781
9636
2957
3457
8046
1419
10155
3869
1032
7175
10992
3319
2014
8770
4173
3658
9866
6078
8489
3690
3467
7050
8146
8373
4011
8099
7865
3560
1453
10873
3112
8291
8274
10562
4441
8894
10318
10157
8584
8904
9303
8884
9594
2159
8956
1337
2347
10146
8251
3613
8525
3382
10042
5041
5449
6897
4815
2514
8435
4841
3836
4825
8130
8382
10886
1764
1235
7381
8074
10663
2178
8978
6298
7594
10264
2035
2022
9932
2059
7152
6936
2753
4191
5867
4689
3677
4429
9280
4188
1169
3095
5111
8888
7906
5224
10120
10154
6290
10128
6921
7117
8327
8284
4211
7432
8847
8793
2414
4076
9168
4648
5152
8832
2345
8252
8323
9608
10673
2423
4342
9524
9747
1678
5065
6543
2146
3869
5177
7004
7875
2028
9645
3445
1577
10469
8300
9832
9035
3054
9086
4834
9230
10851
3747
1318
7690
7927
7150
7721
9120
5471
1505
1857
4025
2846
10079
2043
8612
2560
4588
9313
10767
10048
1072
3744
4081
10762
2787
4279
10037
6532
6575
10880
4456
7064
2478
6663
10007
6569
10562
6776
6776
7609
9884
1223
7025
3183
6320
1154
3986
3804
9019
8105
7228
9356
3579
6339
7076
8224
8854
2462
10260
6403
1360
6040
2204
8969
2380
9566
6642
5070
10581
6873
7103
5167
1278
7827
7912
8109
5033
10164
10973
9837
5956
2780
2233
8454
9757
1703
4547
5718
5301
10637
9967
8480
8382
7573
3388
8349
10605
5227
7497
5317
4517
9278
7132
6615
10055
4788
8786
9739
9254
5775
2501
3704
5395
8246
8671
4580
10538
3921
3659
3788
3317
3404
8158
2584
4827
10700
2465
3612
9768
4281
4730
7470
6284
4945
8245
9285
7871
6004
9970
7694
5698
8502
6449
10168
3768
6863
1269
1090
9936
2691
3889
4752
1278
6227
10544
3978
8646
6539
9407
8940
2671
9738
8035
6268
1183
3199
1388
2582
5119
10269
2961
1161
5848
4268
4249
6792
3702
1969
4628
10502
7193
4774
6737
3382
1223
10082
3638
7129
8872
9518
10433
3462
5688
2426
3432
4155
9961
10861
9744
4670
8726
3486
4318
1638
3743
9572
3081
10197
2267
7914
1441
2381
8059
6653
8244
3899
8134
2754
4075
9325
4941
7444
3867
6544
2131
2541
9576
10600
10289
10959
5271
1282
2521
6360
9424
1849
4260
10059
5386
4155
7600
1398
2451
1002
8573
3619
2351
1583
3499
7647
9416
6105
6030
4173
4938
4461
6497
8250
8301
4510
3447
8671
8531
5527
3733
2391
7356
6109
7274
9347
5767
9167
10990
7049
6265
10604
9818
4736
7488
9963
2131
10427
9785
1460
9130
2225
1318
2161
3402
8365
2093
7764
9939
3071
5095
3677
7180
6432
3061
2996
4124
5007
5333
6844
8210
4154
10487
8920
2208
6992
7722
3423
5681
4956
4636
9502
9741
3742
1862
7853
4235
2097
10931
2564
4424
1454
2440
5287
7638
9371
1673
8533
7997
10198
3033
7961
1479
4710
9164
4720
5239
5982
6893
1850
7525
2962
8973
2502
3221
6774
10646
3439
5579
9041
10274
5616
1629
9045
2131
9152
10153
9486
4004
1717
3158
9850
9190
2461
7711
5250
2804
9190
2875
10359
4205
10246
6915
6884
3903
8828
6013
1745
8634
2766
7921
4995
5016
3022
3399
1624
10298
4990
4750
5304
9349
6888
2121
4120
9320
5266
3534
7192
7127
3807
3438
2212
2781
8043
10260
8541
7968
4589
8387
3675
8863
5701
2371
2278
9077
1996
2999
8852
5228
4730
2607
8891
4914
6684
2639
10543
5879
9817
7035
7438
10734
3318
3482
1364
2116
1100
9432
7837
8966
1494
3479
3498
4533
4851
6157
4628
10837
8478
6338
4457
8949
9249
10645
8407
8043
3502
5179
4163
3936
4719
7202
10152
7361
6680
10705
2331
4207
10120
1588
7728
9919
4886
8198
4441
5049
4913
5436
6900
4039
3728
6100
8140
10653
1568
5661
6637
3296
8271
4160
4985
6206
8435
7556
4075
4588
9546
3294
5436
4658
10611
10868
4939
4135
2555
7411
10664
3403
3049
6829
2791
6468
4337
7610
10319
10159
9408
2597
3019
3750
4688
1939
1710
4370
8129
8794
7712
3805
10107
10999
4809
2701
2683
8113
10340
9816
8564
4853
10204
6615
2949
10008
7906
2329
6883
10882
10180
6287
1363
5182
5966
3522
9803
8394
1134
1566
6200
6478
8267
8704
10670
10951
7781
10159
5102
5506
10041
9190
4116
10896
7416
9349
4362
10380
10341
6867
4825
4815
2011
7257
8271
4188
10698
1208
1722
1704
4062
6360
7275
2914
1703
3107
10287
6842
5931
2146
7842
9910
4003
9101
8489
7235
3737
4112
6308
8362
5894
2101
1428
6904
8065
2081
7526
10584
9400
7348
3569
3298
3226
3726
10526
5754
7360
5102
10837
1262
7622
8665
6518
3711
7778
5925
8098
6507
6111
9817
10255
6729
9757
10807
7058
4740
6466
3550
8102
10541
5975
5466
2214
4304
10222
6868
8358
5688
3499
2523
8055
2051
10120
7042
9826
3752
9244
4519
7622
1862
9773
1346
9750
9908
9359
3009
7356
4357
2289
10464
9415
8232
1655
10154
4989
10346
9400
6729
1281
8561
10731
2218
1239
8404
2736
7248
10520
6045
1250
8573
8607
7976
5848
4798
2024
1706
2437
10103
9579
9275
10249
1243
6936
10915
4393
8855
2047
8832
4250
5827
3640
6651
6817
9650
9770
4924
4356
5146
4225
2746
9608
4615
10156
9453
6403
1755
8456
3007
7965
1141
1517
2884
4448
4828
6892
1858
9128
7480
5523
6462
9195
5873
8318
7595
2678
7115
3464
2485
9997
3201
3696
10271
7860
6432
7724
3918
3894
6146
9754
7998
3924
6254
2643
10907
10505
3019
1091
6456
8264
10976
10998
3480
6604
8480
4203
7448
3319
2373
1689
9364
2713
6295
2193
8742
1183
5984
2572
5909
10511
2272
5572
1964
7075
1161
9616
4135
3471
7957
1695
3986
6171
6145
9226
9875
1459
7001
9569
4593
3593
8435
1451
5360
5066
5322
8077
8761
4439
10545
7273
10793
2423
6859
5190
4221
2794
7748
6832
6556
9763
9123
3003
5581
3203
2631
2230
10577
1804
4781
10389
7188
2976
3077
6455
10428
9280
5636
6855
10173
7845
4660
2048
4698
4473
5253
7577
6028
10707
3788
6514
5926
1485
4282
9910
6889
4421
3871
4719
1041
10372
10723
6293
9635
8299
2712
3575
6866
7199
4251
9654
5430
10641
2265
7152
8756
5157
4644
10131
8350
10258
7348
7050
8016
6920
5694
1383
10029
3007
1012
3568
10888
4403
9503
10602
5310
4636
7589
10575
6659
6925
8562
9597
1109
1052
9175
8988
2492
6876
4599
3444
9490
7649
7140
5394
5112
7327
4203
8419
5264
3508
5722
5797
1904
10866
7890
2996
9508
10160
4696
2701
6363
4481
4761
5054
3283
8667
2421
4512
10054
1479
9399
9527
8849
6312
10571
5902
3213
7611
5091
3407
1528
7159
6103
8198
2582
4399
2718
4765
6112
1532
8848
4089
5152
5537
1075
5474
3459
4079
9807
10930
7777
7168
1024
2025
1327
10431
4594
6481
10291
7826
4080
2943
10990
8141
5862
7833
2049
10821
8554
9003
6977
1327
4429
1407
1426
4164
4724
5610
4090
4424
9138
8321
8068
8987
7683
7215
9797
1838
6945
5367
7431
2451
5215
4709
10713
7879
5085
3466
3099
7526
1496
3659
7662
10772
8369
6175
2204
9609
3336
1558
3298
5890
6506
3115
10744
2498
3384
1898
4494
2932
4672
1240
4984
4777
4690
6876
2414
7401
6062
4628
10606
7526
10300
1038
2598
10912
6799
8579
8561
6359
6238
7118
7382
5448
3141
7040
10806
10655
10671
10341
8133
3528
10690
8406
1179
1419
8890
6261
8334
4688
4055
8872
5876
5959
2871
8022
6095
1742
6617
6129
4079
10348
3397
10802
7792
2804
10474
3873
5441
3381
5611
10372
3293
9332
8450
7880
1318
7004
6936
6065
8219
5895
6061
7696
3759
1237
1417
3750
6522
5964
9276
1504
3415
1242
7376
6251
10497
9652
4090
4518
7823
4266
2083
5016
8953
3079
9767
10653
6817
6913
9759
8629
2454
5560
9337
6764
10147
8471
5253
8652
4976
1316
3823
1290
10794
3648
8069
5382
4653
5401
4098
5120
8422
9685
9691
10946
6539
1996
4426
3463
4002
5766
6239
1161
7291
8963
9402
6332
7451
6300
10129
3799
2441
1813
5376
4709
3409
2431
9325
4523
2179
2114
5463
10081
4317
8405
1417
5060
8727
7317
8393
4843
10374
3881
3458
6820
8327
8658
4704
10774
5089
2282
10582
10614
3781
6278
5935
9348
1549
1832
2886
9454
2760
2960
2995
10815
10065
9789
8096
5850
6942
1337
2231
2312
5455
7996
9166
10659
2930
3457
5808
7070
9143
8277
2430
5109
4991
1465
9435
3080
9070
6373
2011
6817
6009
5121
10576
2232
7820
5768
6594
1103
2311
7083
7615
1732
7700
7170
3718
4676
1847
5145
3896
6391
4529
9846
5377
6970
9212
1111
3275
1811
1228
2974
7885
6032
10155
5305
4095
5301
4377
9722
10579
10589
3682
1270
6299
3110
6282
9261
10318
3956
8711
5035
7506
9355
7632
2687
4693
1600
10209
7340
8166
5521
4495
9240
2990
5029
7287
3303
7601
7570
4753
2656
9090
8968
1144
4868
5230
6907
6917
7743
4717
8248
8423
3658
1098
3739
6713
3799
9831
4935
8987
4568
7170
8076
10887
10301
5837
2884
1272
4402
3177
10333
2842
8362
8030
3825
7867
9437
1036
6865
1428
10589
2863
8600
1556
5414
1787
8434
4015
7191
4403
10855
7008
7489
6787
10048
7273
3767
3210
8491
10726
8342
4657
1709
2089
1163
3864
5603
8328
5809
10643
9913
10758
6262
8054
1514
8632
10948
5994
6342
10213
9578
1129
1884
5373
9189
8900
1589
9322
3549
5160
2287
10111
4265
5697
10430
5352
5607
1600
8474
3861
2784
8078
10853
2020
5552
6947
6253
3905
3595
7668
7205
9700
6988
4619
10818
4325
10190
5679
4242
4324
3580
10883
10719
4249
3522
2946
7266
6813
5300
10767
3529
8852
5235
7442
2489
7563
10107
5812
7974
6149
5190
7479
5817
10159
9698
8532
8365
8540
6168
1526
9582
10864
9416
5404
4027
1347
4026
10832
7567
8649
1307
5178
9605
7412
2824
10364
5153
9371
4563
9692
9934
4889
1417
2322
3290
10049
4261
6238
6055
9692
7663
1323
5898
10580
1721
2855
1195
10818
8748
2263
5673
8767
2317
1879
7797
9510
6949
3132
7629
4140
8948
6356
9835
6035
10536
9508
9772
7314
8609
10927
2234
6294
10974
8499
1449
7163
6597
3280
8598
10430
6752
1916
7196
1236
10733
10964
8508
5056
3790
9948
8313
9313
1518
5812
8594
5117
2889
8417
10402
8327
6403
8583
10051
5591
3751
3485
3723
3602
6034
8160
7431
2322
1071
9611
9369
6408
6449
3522
6076
2944
10808
7069
10706
2390
4591
9029
1746
3056
6962
5383
8185
8739
3168
6698
3571
4158
2765
1234
8132
2782
5458
1038
9006
3281
9547
9479
1622
2382
9087
10139
2520
1247
10115
6003
6780
7917
10639
5494
3793
3559
2677
3916
8527
1483
7887
1962
4483
3106
9058
9564
1219
9297
5327
10853
5595
3954
10114
8560
6847
8717
3203
2735
10939
1041
10486
2065
7412
9536
9797
4171
7576
2340
5545
2981
7787
10627
3245
3150
10799
5402
9847
2866
10685
7037
10988
6667
2697
2857
5660
3701
6900
5181
6932
2880
7254
7576
5270
1301
1127
9020
3921
9055
5819
6950
5506
9169
1803
3368
6286
2718
9082
10670
4312
4081
4937
1865
7835
3010
2680
8356
10540
5688
1071
8514
2660
2735
1525
1514
4113
10607
3845
3284
4540
6842
10079
3339
4796
2504
6897
5522
3953
9497
2272
8656
6624
8038
3239
2166
6409
2448
7804
10463
8329
10626
9249
8595
7818
9733
3605
4344
7165
9718
4424
2568
5868
8123
5017
10255
2239
8175
10820
5312
2335
4167
2188
10387
4598
5452
8833
7651
4495
2782
6381
7369
8051
3450
3618
3102
4157
9690
1371
1063
6102
9152
1764
1460
3393
8306
9949
6046
8556
1512
2149
10127
9334
7473
8661
8903
5472
7294
8923
7178
5583
4870
3014
2560
1954
7466
6840
6877
9639
1017
1445
5843
6149
7131
1570
6722
9778
3488
7031
2991
10805
9768
2266
7852
6541
1628
3484
5586
8123
10153
6488
9549
1252
3470
1949
3788
6742
3657
5007
10876
10995
2372
6744
7851
2790
4973
2477
10787
5169
10045
10906
8439
2206
6267
3725
6520
6614
9422
6455
5842
9415
2966
3270
10040
1670
7064
6632
6880
8168
7428
10390
2061
7548
7493
9555
1969
1680
9433
4244
1362
8604
1737
4266
6525
10298
8574
4441
2894
2671
3214
9207
5592
5218
10829
6057
9277
9977
7116
5097
7053
7252
1037
2407
2724
8064
1041
8432
2239
7842
4462
4841
3821
6332
6990
9594
9018
7154
2826
1316
5044
2564
8082
4119
2469
3286
10485
4095
4617
3144
4687
4246
6969
9309
5930
4632
5080
4145
7025
6418
2985
3575
4418
6277
4114
5962
8444
9354
2296
3098
4694
2884
7115
10441
5576
7276
8368
6580
4740
8626
1781
2423
10378
6207
1585
5524
3326
2321
6544
3039
2332
3504
10641
6811
5292
7323
3335
4183
6700
1699
9174
10810
7592
9619
6750
1861
9014
4100
1506
9264
2605
9999
4141
10515
8343
5727
6986
7725
7989
3306
8692
1421
8590
7092
5426
5068
4613
8189
6457
8775
1863
2812
3821
8740
4184
2634
8761
7926
1105
9439
1745
3243
7876
10210
5273
7822
5875
1344
1185
3417
5847
9039
7510
2471
6049
7484
1440
5557
4892
6936
1877
2283
4053
3347
2288
9072
3510
6529
1471
7761
1582
10295
6510
2031
10285
1716
6791
10410
1761
7412
8013
10698
8937
8659
2290
5065
6489
2656
1360
10508
4486
5675
3364
8988
9303
7221
10913
7333
9202
10765
3913
3640
5419
7345
4987
5918
7000
9043
4330
1864
5607
10938
3642
1802
1923
6208
1902
5558
5768
9169
7916
3110
3430
1432
7189
2827
9911
2803
2666
7338
2659
3556
3242
4325
8064
2362
8112
9940
6843
10191
8909
2936
9554
9342
2595
3724
7585
5605
10014
8411
3563
7037
8544
9610
8270
7237
4240
7619
1679
2852
1286
1313
7759
5812
6886
6230
8871
4881
9224
9218
10449
4641
5941
1239
9733
7656
8029
8043
8284
4327
4374
8961
4375
5781
8750
7780
6729
4746
10477
2926
4995
7625
6537
4436
1738
8715
6433
5162
4189
8124
8018
4273
1374
2725
3215
10029
9974
1017
2505
2995
10042
4659
7774
5814
10522
2820
8077
4732
5389
3692
7943
6883
4216
1187
7254
7771
1873
8127
7859
5686
9904
2528
4990
3215
2285
4959
3923
3862
6420
3848
4100
5914
6284
10713
2308
1112
10312
6082
2090
5826
7268
6515
5834
3940
10770
1958
9146
8722
9199
2651
7853
2199
7395
9090
6570
10970
8403
6279
1327
9605
7158
7448
2553
7168
5611
1052
10556
5969
9631
4818
6353
5814
9143
10655
1852
8875
2798
2131
8392
7566
4218
8090
2676
5883
10053
9492
4783
9319
10408
2772
9067
3622
3966
3809
10379
7570
7348
4799
10130
7930
1219
4079
8520
5438
5507
1695
5800
4501
10750
6245
4494
6050
1300
3090
4834
7360
4981
8588
1445
5536
1036
2881
4486
6287
2723
3753
8368
2398
7774
1364
2893
5152
7057
7967
6557
6017
7172
3674
8294
8933
2750
3283
7578
2614
9375
8102
10482
6603
10363
5784
3812
7500
9608
5129
10481
10465
1557
1766
8361
6875
10037
6608
7380
4522
10349
1598
4964
8804
7881
3075
2223
5020
9882
1313
2399
7798
10313
5122
4364
2975
1869
5725
6692
2406
2233
6915
2775
7671
10679
4629
4914
3729
2297
4715
9286
5188
4978
4298
3666
10445
10992
3620
5289
8892
6731
10011
1910
8088
3518
10454
6025
7278
10602
3576
10098
6550
3488
1355
8772
7981
8872
8707
10410
10409
8978
7555
6622
7132
2707
1437
6380
6022
1409
9724
10294
1089
8886
4453
6651
9203
10946
3374
10118
8755
6590
6607
8262
9156
7041
9830
4688
1916
10429
9029
6662
6231
1655
1335
7655
1018
8406
4125
8555
4022
3182
9223
4674
9052
6416
9991
4020
4317
4571
3824
2261
9098
1782
1475
8654
9405
4976
9064
9991
9322
1351
3271
3945
7402
7788
3825
4286
3959
4629
8480
3076
9843
9650
5421
8361
5308
10466
4025
3080
2149
10191
1009
5237
9364
5737
4273
9654
9591
2428
8987
3004
5469
5252
3921
8353
8159
7513
4666
2832
1851
6099
4805
3265
6910
1864
7590
3059
9073
10713
6250
9313
3648
3376
7981
1241
7789
6131
5626
1463
6245
7169
8918
7767
3116
9198
3342
5078
5751
1704
7457
2933
9350
7098
5178
8329
4996
10285
5347
10793
8185
9593
7958
9046
8729
5541
9155
1983
5540
1069
2775
8585
9681
3184
6853
3445
9402
1236
10282
2322
1882
2857
5370
4344
2843
8669
4623
6501
8150
2330
6989
1670
2823
5286
10683
6585
6523
3499
5744
7328
3564
3652
3102
4677
2665
2369
5716
7416
2592
1903
1307
9329
7164
9382
7818
4382
7204
5319
6377
2204
5085
6805
5033
2390
5307
2755
3621
2115
5840
4330
10757
6502
4802
3963
10089
2400
6450
4977
7194
10966
1339
9780
1608
8997
2654
3423
5435
7213
7285
10567
3492
5360
8320
8727
9142
9512
6862
9091
5912
1093
9843
8306
8962
4083
5346
4323
3242
6641
1616
2819
1197
9193
2796
9468
6028
9362
4178
9809
1312
8152
5339
2043
5031
10065
10765
5769
9297
7310
6587
4174
7786
1347
3905
10638
6412
10359
2547
10144
8528
2141
6971
6525
6799
1678
7496
1030
5017
1231
4128
9818
10100
1839
2215
1116
1054
9783
8300
9437
3328
6597
2561
8680
6054
5688
4000
9748
3611
2128
8457
4045
1098
1034
4474
8208
8063
1623
2043
3002
8381
9292
2814
8796
2274
2226
2242
6223
3769
9463
3011
4486
5920
5873
7960
4729
2920
9204
5299
8141
6308
7559
9392
5245
8926
5408
9237
3841
5891
5141
9482
6238
10793
1474
5306
5116
8610
5778
7970
9212
2476
10355
7356
8819
9368
8235
4178
5067
3538
3664
1989
2646
7293
3980
1247
5271
6241
4038
2788
4230
6322
2043
5373
10632
5140
6592
2878
1460
3684
5183
8299
7585
10339
8891
3376
3408
7686
7761
5094
9364
6447
10349
3790
9237
9251
2809
3560
1910
4307
1394
3122
4778
4371
1235
2933
10183
2407
8440
7325
5601
9046
2093
4136
8753
5538
6474
2554
9621
2918
2979
7621
3363
1281
2714
5018
7219
1048
10212
3112
2803
1992
3473
5491
2326
3930
4165
9746
4200
2446
5852
6130
5901
6274
7138
2090
6147
4298
4726
2963
9275
7104
4497
5736
1817
2911
5830
10060
7185
2748
2645
9677
9467
4280
9751
10589
9710
7316
9370
5057
8658
9582
5445
5058
9729
3186
6223
2917
5875
3476
9342
10422
1932
9683
9387
10360
3492
7141
5281
3489
1564
2699
3524
4015
6652
9789
10557
4032
7307
8829
2676
6381
10956
1083
4500
4881
9394
5876
5909
3855
5700
4814
10829
8843
3656
2898
7405
3188
2420
10191
10702
8792
7987
6009
2425
9471
1248
6708
7070
6740
4894
6555
10961
5867
5448
3642
7299
3042
9588
5655
6765
7441
8146
8243
2345
4709
8806
5883
4505
3949
9024
3155
10457
5584
6688
6217
1537
1390
7934
2402
5350
5522
1818
10208
6858
1191
1389
2962
9539
3826
5810
5555
4704
1027
9863
10284
4076
7550
1519
2871
1946
3367
6817
5201
8548
10919
7280
5893
3225
9681
3451
5968
6312
6858
4271
9778
5361
3207
7649
5142
1702
9259
10792
8187
6341
8372
4282
2152
7413
6679
3781
5586
10311
2741
3502
3092
2287
9594
9520
10498
8176
7451
6066
10506
3608
2659
2013
8651
1368
3035
3676
6416
1361
5388
7833
10192
4717
2472
4235
6985
3774
7026
5251
6809
8166
7696
8841
3999
7972
3444
6103
1923
10975
1975
7686
1676
9336
2989
8921
10164
8606
2999
8242
6071
9069
8748
8285
9454
4049
8120
8383
1140
1376
2214
9989
1951
5083
6397
5190
6866
5019
1537
3832
9166
7775
8727
6417
10886
7427
9376
7515
8759
1523
1645
8282
9778
10808
7775
7625
3614
4173
1068
6514
5956
3669
4099
9634
9411
9516
5020
10642
5623
8231
8773
6916
7581
6636
6573
6973
8293
8695
3675
1648
3686
2578
5038
4480
2025
1291
3761
7690
6345
8348
9579
4709
5423
7088
3459
5734
8643
1535
1596
8014
4137
5208
1838
9279
4267
6382
8990
3996
8493
10658
5683
4398
8883
9155
6320
10269
8205
10182
9038
5803
10615
7196
8022
9529
1459
4644
7572
4868
3515
7683
3912
5556
2463
1875
3794
8222
6166
10614
1262
7873
5764
7941
8713
9164
5957
9251
5417
7533
3724
8799
3782
7156
8486
1410
5575
8659
3220
3225
5532
3757
9391
2530
7928
9925
4105
1274
2114
8416
3400
9899
8310
2343
4878
4606
1275
4334
4982
9191
2772
5919
5493
7733
1326
6559
6413
2960
3675
6434
4658
8511
2074
1031
6013
3365
1273
8478
10248
1301
7866
3808
6900
3884
9498
10432
8963
1955
3066
4783
1527
3345
10917
5453
5200
9468
1138
2923
4015
9399
9692
5316
2209
9743
9574
7030
1877
6096
6156
7744
3365
9927
3011
4845
5337
9142
4616
4332
6274
7425
1739
5201
2885
3759
6863
6060
10293
8949
1806
7013
7878
8879
1879
7928
1414
8666
3143
9653
4224
3996
2552
3998
8769
2407
1870
9568
5779
8255
3116
8956
4224
10686
1295
1624
7905
7733
7414
6423
10276
5725
6445
9540
7509
3393
9878
3307
2266
9582
9767
8939
10162
6499
1385
4096
1694
2884
7745
10910
6436
4989
8787
8800
6200
6808
10660
9090
4226
10029
10804
4873
5580
4065
6418
3739
2796
3070
8147
6015
2362
8606
1463
2934
8246
9999
6801
8020
5686
4226
6464
8756
8734
6520
3623
6554
8000
8392
6525
3712
2218
8808
5512
7471
4869
4980
3897
4685
6907
3664
7476
10113
2153
1712
8507
2633
2688
4478
10821
10869
5907
10335
9358
6599
3396
9852
2004
1606
5152
6979
9565
9571
2130
3334
9634
6432
9044
7966
5182
6131
8809
10505
2947
10052
7089
5649
10488
6336
6232
9468
9238
7745
7802
7405
9753
1138
1311
2403
7831
1602
2942
4350
5552
2862
7793
5735
2636
6263
4215
9544
1088
5859
9904
8763
3625
6964
6168
2510
5526
9087
8372
4130
2413
7023
4894
5471
8806
3609
4195
8731
6834
5730
8412
5696
9645
10627
3911
10882
5770
5292
5374
4322
3921
10016
10544
7999
6957
6072
2517
8200
6351
5607
6255
2440
1317
4545
8891
5670
8815
9733
10035
1857
5413
8251
4553
10178
9345
1142
1976
4770
1926
4336
7248
1276
4756
6804
6922
3423
9982
7536
8275
1845
10024
9814
5799
5501
1918
4846
7750
4925
5048
10168
4120
10484
10052
6898
6150
9241
4474
9789
9656
9231
5594
8411
7622
7243
7766
10522
10358
5371
3612
7481
1256
9644
3906
10545
9206
10379
1888
9645
4498
6464
3716
3162
9101
3333
10312
5647
9866
7237
10329
5042
8415
8016
7065
7491
5636
4421
4653
2060
10111
2900
5566
7029
2350
7150
4208
6238
6504
9899
1303
6521
3333
1228
10661
9348
9223
1929
10454
1992
2805
7708
9481
6440
2280
2238
2626
5112
4037
6107
2651
6050
2906
4607
10306
2963
1543
9925
3483
9450
4004
4992
4765
10420
5585
3505
9907
6716
2029
8380
3683
4893
10506
9422
2832
3211
8037
9568
7498
5980
4743
6864
2190
6460
5289
3672
9796
7097
2996
3409
10660
5675
8250
9888
2831
2139
8038
6336
7175
9962
5689
7433
4117
10334
2301
3748
5525
10554
7897
3852
6829
10050
8780
5549
10559
10574
6862
2948
9265
1646
1907
9964
2339
2696
9390
9415
3034
4524
7341
7936
4243
6718
10103
1567
10395
6416
3502
9834
3996
2415
9758
1194
7064
7115
4438
1429
8551
10914
10672
3746
8115
8920
3222
4185
4518
5699
8163
10691
6211
3800
1268
2527
7350
4804
6516
6228
10317
2708
8546
2389
3778
5334
8540
10848
3836
2025
8159
7658
3413
6496
8912
4445
3397
8090
10664
4849
6402
9348
7059
10244
5308
5100
10083
4222
2585
4627
1200
4500
6791
5970
1121
5521
9183
8606
4793
10612
7225
7822
1170
8617
3381
1396
4168
2723
9836
2024
9854
3920
6483
6266
5043
7754
10708
10522
10383
3963
7691
7893
9952
6355
9493
2910
7827
6163
9702
5469
1049
1842
4336
4705
1279
10112
9397
10805
2983
3577
6152
5233
8361
4786
8452
7990
3869
5037
7555
2444
6367
1624
5914
10372
7869
4355
4067
3677
1899
5893
2613
6097
2351
9249
2142
4602
1053
9742
2084
9599
1834
10513
8844
10015
4814
3277
3808
2022
10410
1591
10138
5936
9398
10304
10570
7544
1519
3737
5387
3541
2725
5956
3919
1060
10508
5568
6789
3693
6280
8164
4109
6160
1240
4146
8667
5990
8188
5024
9340
10630
2294
10521
4659
4275
7991
7359
4197
1784
10283
4147
8377
5205
4171
8363
1297
7132
3232
1295
2102
9909
3620
2961
9838
5136
3946
7218
10824
10842
4511
7844
5588
9432
2204
8782
9732
5809
2511
3706
7469
8434
1393
9256
4340
2122
10334
2639
8732
3440
3359
8117
8886
9014
7237
6224
10780
4566
8026
6210
3613
7887
3026
1571
10941
5830
8740
7556
3655
1136
4711
1888
4157
3173
9699
6484
5801
1829
4534
4805
9244
9250
5990
2000
2908
5941
7920
10886
3455
8483
6146
1090
8421
2568
2983
9606
9620
1839
2967
10669
8987
5212
2687
6064
7630
3455
1024
8729
3449
6937
5803
2031
1792
1163
7490
7191
7486
5531
2913
1763
9707
8582
8121
6551
2851
5321
4803
10854
7255
3316
10107
2707
7835
6578
7308
8784
6645
5852
10128
6482
5448
2477
4093
5433
10918
4595
7499
3498
7867
10262
10435
3175
5756
10237
10846
5666
9978
1156
1528
6556
1423
2880
2339
9291
8687
3722
8283
8869
6365
10651
7457
5533
3264
2605
9023
4126
7244
9966
6819
2212
3964
5000
9799
1323
5200
10121
7506
9037
8821
6820
2412
6092
1478
3650
8189
1599
10951
6082
5233
9479
8761
5520
1992
10347
8657
7463
7238
5094
4047
4094
10655
4318
2270
4615
5671
9309
7355
9743
10849
5839
4341
5391
7957
1206
6510
6206
10811
8913
1531
3007
10035
6805
1552
2254
7400
3298
9555
4954
4724
5510
3111
3039
5506
9016
6924
6008
10261
7579
2282
5201
1087
2857
6016
9117
8779
1496
7624
7203
10441
3049
9452
8613
3807
1315
6935
6546
3004
9653
7781
10942
8240
8086
1469
1937
2483
9332
1140
4733
9147
4329
1099
6117
2197
10581
10032
5716
7715
10098
7438
2654
10905
8516
1076
7604
1071
4726
1514
6828
2761
3813
4090
6688
2702
2725
1899
8055
4308
5993
4859
5805
7905
5465
10158
2920
9881
7008
4567
6918
7351
9759
10588
1221
2864
10297
5226
1279
4153
10668
10327
10761
5116
4801
2849
3338
5933
5502
7905
3359
5497
9239
8165
8594
8121
5660
4920
4142
4627
9288
3217
3728
4208
8318
9471
1140
9904
5246
2710
5724
1025
8277
2512
3264
6183
2514
10641
3645
5727
3697
1689
6935
5750
4141
3210
10085
7579
7540
8047
8618
9038
10377
2711
9788
5934
8298
7604
5794
6787
4760
5544
10748
1478
2522
4821
10391
1495
6100
9068
7260
5362
3944
9246
2766
2835
10673
8060
5755
3487
10688
4072
10391
4628
1042
2925
6157
7224
10015
10655
6104
3859
7953
9905
8024
6269
1677
6215
6709
4584
4052
3897
7168
9092
4683
2418
3136
8802
4412
10670
5657
6996
10450
4249
8365
8048
10160
1842
2909
9725
6127
7655
1305
8395
2334
3805
5991
6200
3133
1352
3470
6640
1685
1115
7332
10615
3840
5216
2282
4885
4149
5776
8840
10149
2949
3214
7226
7215
1734
2621
9090
10742
10198
2480
2769
5640
8753
4638
3252
6965
3838
6179
2589
5136
4445
9871
4346
4526
9429
4758
5849
1326
5005
3807
1655
7562
7334
9238
3879
6017
10715
10118
1547
6543
8603
4880
10689
3339
4212
1018
5658
3099
1937
7186
4596
6928
5619
4118
1939
1886
6856
8402
3259
6680
9836
6695
1028
2242
8555
2888
5039
9544
2186
3668
8156
2705
1239
3935
5520
9111
3198
2498
8100
8108
10452
8204
7868
9302
6341
8731
5263
2264
1074
2452
5067
4405
6285
2884
1991
5706
2463
5010
6439
9110
8180
6612
9926
9690
7133
3342
10422
3984
2528
8097
1734
10266
6551
3812
9808
2499
3264
8020
3215
10755
1145
1391
5193
10843
1555
9666
7528
5411
6246
3645
5361
8461
8316
8274
2379
1729
5247
3880
7635
5960
10027
2151
5467
10218
6983
9641
6385
6777
3144
7325
8021
1120
5372
1581
5974
4753
7257
2910
8618
8411
8468
6873
8906
1973
7579
4656
6678
5388
4707
8192
6781
4846
10062
8306
6109
10781
5092
4255
10012
1875
7007
1937
6361
6710
4046
2956
7748
2454
9173
9642
4144
6018
1370
2434
9711
1120
7140
1434
8731
8881
2075
1533
9268
3506
2690
7851
9218
1768
5210
9076
6355
10890
7281
4259
2424
10969
1048
6917
6794
1484
7256
5436
5785
3289
2994
10577
1412
7189
6050
5711
6232
4085
10635
5143
6441
6035
3101
9650
3912
2352
5498
6487
4760
5658
10272
8067
3130
9740
8735
5105
3732
6825
5313
8353
3000
8494
3676
6749
10905
3252
1927
9620
4751
5109
2330
2986
6951
10374
2263
10364
6838
3698
8916
2360
4964
6875
10875
3252
5686
2623
10530
3312
3701
6106
1462
5470
3024
4666
7161
1888
7581
8718
10807
2546
8966
8583
4286
7755
9047
4834
2754
4791
1421
5788
9511
9045
3105
3022
5642
10334
9015
4156
5853
5820
3900
2612
7177
9702
7511
6611
5185
7391
7255
2724
4747
10644
6843
4932
7742
1407
6177
7092
7307
2520
4986
10765
5492
7327
6349
6534
4863
7154
5116
7950
8869
4119
2581
1774
10853
2505
3004
1797
3433
9969
9489
8861
8782
10892
1237
9762
9032
10284
6446
8367
7645
5801
9379
8911
5327
6959
9267
5293
5946
8780
10831
8757
3313
8888
5811
5356
8135
7208
9430
4713
3724
10392
10891
10092
10296
1222
10124
3843
3827
3656
1547
7449
4506
5264
8173
7847
9440
2001
4249
4420
5544
10893
9480
8892
9472
1888
7179
1076
7288
6195
9887
4942
10019
4628
7079
2010
8410
2028
7784
5111
6923
7298
2296
6073
4628
4535
3491
7483
5601
6368
7804
6552
3639
6121
6761
3389
7481
2044
8228
8989
5253
10569
8956
8717
4172
9927
2756
5831
7825
6270
7064
7729
7002
5004
7952
5375
2144
4994
2595
7866
1532
5544
9916
5913
3233
4948
7752
6457
7686
1762
5259
4284
1553
2946
6094
10523
6081
3893
9107
3274
8759
5993
2015
2525
1466
2159
1934
6005
4960
10485
6452
3291
5693
9289
8447
10897
6061
9612
3104
7100
5069
7450
3172
5575
5193
1364
7293
6739
7293
2197
6338
9565
6691
3433
6550
8491
8394
5470
8678
5850
8585
6404
9827
9126
5862
10657
9272
7461
9467
8425
8871
3393
8132
4507
8340
9208
10839
4894
5042
5918
9041
4243
9472
4485
8562
2143
4447
10452
2841
2862
5072
4227
6082
4696
4032
8223
7312
2171
4834
9106
3418
6963
1290
2175
7237
5756
5455
6886
8290
9159
4253
2776
5673
6179
6041
10118
7389
7072
7509
9643
4344
5661
5316
2814
9623
4756
10940
6378
9890
8236
4318
7669
4346
5539
9375
10258
7872
9215
4440
1816
2452
5499
8925
10189
10044
8457
7809
9045
5818
7870
7731
3901
5581
9019
4022
8310
9791
9158
2997
2490
6205
8885
6443
2404
3747
2163
6711
6033
6407
9303
9106
10332
8819
4110
4528
7753
10035
6616
2819
4228
7776
4390
9463
9296
3514
2434
3096
9133
6052
4358
3688
1942
5615
6807
1204
3445
8265
1670
3173
1079
9475
5974
7495
1472
5933
5340
10770
8257
10529
2037
2445
7652
2954
1499
9340
8484
10146
7789
6856
7933
5338
10221
4209
4564
2737
4081
3929
1459
9669
3326
2065
3032
3767
9854
9024
3351
5038
8878
10821
9368
6736
9334
10724
1125
10545
1815
7321
10281
7097
3509
3171
9791
9709
6871
3201
10909
3018
1715
3051
6028
3303
2978
5274
7099
9309
5875
6992
3090
2974
5417
2163
1468
9212
1531
2702
3228
3368
2467
4316
9863
1960
7795
5168
4019
9026
4949
8736
1498
9486
7195
4364
3025
2445
2271
5858
1699
1045
3721
9789
1804
2749
3857
5995
8663
7669
4163
8516
10130
1391
9950
2739
4151
8863
10088
10971
2697
3719
7076
5250
7408
9884
6040
6406
9496
9677
5427
7813
3068
10793
7288
1023
5187
4008
6308
3756
2375
4748
5377
4376
8269
3431
5559
9114
8470
8830
7740
4164
9409
1363
2446
7881
1080
4615
4113
3948
1775
6036
1254
5260
8399
2252
7515
9686
5915
7421
10596
3944
8464
4650
3760
2363
10566
7836
8710
1836
7775
3866
5712
5344
4122
10918
7374
2135
7752
2544
3463
8875
1224
6084
3878
4083
3053
10436
4669
5946
8575
3821
5113
9310
7129
9628
8424
10655
9589
2117
1054
5410
3707
8819
10543
8676
6849
2314
5423
6760
6225
3899
9064
6916
4606
1903
10862
3115
7292
10216
7439
10914
5063
7422
4076
8646
9907
1269
7808
7626
2683
6526
10429
9262
1839
3161
10770
8523
3067
2481
5783
3676
4137
2855
9828
3144
10631
4792
9124
2620
6437
10947
8558
6633
4638
3857
2090
4002
4637
4641
5934
8144
6140
8668
6738
8776
5646
2493
1059
8588
3866
3271
2077
7838
7308
9356
4158
8952
4774
2590
1308
8524
9894
2433
7982
3777
5445
3974
1005
6495
9093
10099
4369
9786
7557
7277
8669
4074
2399
7706
3634
10526
4710
5071
3750
4294
1981
6086
8581
2548
6251
1303
1741
1938
2723
6394
9679
5170
2420
10910
6591
9582
10107
1762
5379
3050
10087
6624
5017
10534
4387
1697
1947
8042
7527
9260
4221
10908
6427
3902
9981
2388
8322
3240
6946
6757
4994
5098
4158
6535
10115
1212
7665
1686
1643
9797
1252
9193
2097
1581
8097
8027
9048
8182
8477
2703
5437
9996
5760
9662
4014
2863
7370
8798
3245
3056
8981
5019
5322
2533
2946
9652
7503
3774
8704
3236
4715
6647
1744
4224
7685
9384
1123
10585
9452
3668
3574
6464
6196
9136
1316
8198
8101
6336
9380
6543
7611
3884
2053
2298
1108
9468
1896
5524
4486
4359
10635
9346
4185
10767
10210
3141
4830
5536
7875
1834
10439
2625
3564
5933
7642
4396
9622
1856
4456
1696
2362
10571
6746
4914
7194
5630
10994
10320
9323
5053
4451
10916
3322
5280
9617
2953
9197
3520
10956
7610
7614
2181
3911
9774
5821
7466
10210
6534
5863
5697
9709
6878
10692
3974
7893
8565
2186
6694
3289
2263
10779
1176
5334
4267
6557
5206
10456
10448
5327
7923
10292
2944
8639
3385
8339
10509
4904
5085
7081
1331
8397
7526
3928
10306
3702
3300
4012
9809
9829
9952
4859
8152
10490
3002
7222
7659
8444
8698
8088
9298
8333
1584
8776
5298
2946
8520
1284
10221
10362
1825
6671
7609
1713
8109
7844
5241
10491
5767
9865
4833
4570
10437
3072
9651
9463
4099
5428
5432
2887
9541
10798
8107
3803
7403
2672
2324
2287
10216
7128
4783
1761
3662
4549
4116
3571
5977
5683
4260
9546
8677
2624
3359
3639
1194
10672
7689
5090
7848
3300
9697
9072
2753
6364
8372
8419
3365
6879
10024
8326
9960
10933
4170
6048
1027
5252
5794
3867
7236
2962
4939
6062
3532
9608
1792
7127
3836
5402
2439
1432
9444
2597
4993
7457
9225
6274
2796
7201
7537
2373
9917
9974
10976
5196
1001
7185
10743
4065
4388
7101
5692
7070
2490
10437
9483
8678
8739
8851
5389
2095
2774
5376
9563
7759
7329
3386
2358
3613
9275
5080
1217
5129
1169
7811
6561
9502
2091
8333
5200
10807
8583
1186
9429
8537
4472
8115
5516
6418
8807
5114
10885
4611
7513
4743
4250
6416
10647
1389
9808
6186
9407
6317
10120
4971
5685
5267
7761
8287
6284
7634
10524
8565
9022
4627
5563
1608
5928
2319
3460
9130
4784
1250
7248
2114
4564
6616
7467
7870
8968
5230
4312
1237
1016
10840
7104
1187
5243
7757
4542
6283
9498
4476
8385
4054
2556
9653
3763
9629
2355
10054
10907
7585
8400
3601
8527
10449
8659
7336
3500
4326
9797
1339
2626
1181
1750
2284
9954
4544
10935
10770
4140
7694
6190
3156
4485
4653
7819
2267
6750
1768
9852
9707
9456
10132
4630
10270
1673
4530
5096
1833
8963
7838
1991
3863
6671
2834
6231
5691
1885
10893
1891
2445
8194
10030
9083
8383
3226
10746
10633
4131
10991
1448
10507
5155
4833
10691
6146
4123
3553
8324
9357
2077
5581
7533
6454
4562
3192
7746
6273
4157
10763
6441
1411
9831
8887
5675
6337
3190
3672
2331
6683
4727
4782
9064
8126
6115
4913
5327
10749
4239
6818
5701
8969
7382
2862
3656
1749
10904
3139
1603
5476
5516
6643
10057
4781
2211
4186
5844
1564
8887
6101
7885
2823
9322
3281
7572
2301
7384
9621
10764
7469
4841
3902
2375
9633
9498
1635
8604
6023
1998
6181
7779
10160
7195
10467
7328
8898
4056
1032
1254
5616
4148
3069
3313
7598
6701
8001
2963
9682
7744
2534
5088
3034
10755
3891
1139
4718
5669
10563
1171
10449
7722
9297
1890
1498
8938
8197
2120
1108
4172
10378
5787
7551
8193
8555
3426
10851
5717
10367
4920
9928
10368
4010
6823
3950
10720
2994
1114
5825
8674
9160
3852
7172
4018
6457
4150
6659
6520
5719
8248
5602
4141
6577
8182
1922
10724
2108
6498
8468
3398
9013
4834
7795
6132
8593
3843
10183
1327
7473
8202
7806
2128
7944
10557
8105
5894
3747
8933
10086
3473
7337
6308
1397
8240
5241
7367
10462
5775
9986
10775
10715
6434
10988
2690
5126
8795
1791
1745
1305
2826
6249
7448
9597
8765
6997
10254
2276
4425
3013
2121
6820
4579
5372
8765
6016
6948
5078
5462
3297
8443
10090
1502
6222
2703
6492
6773
1049
8816
6078
9432
6560
2837
6813
4851
2464
8514
2941
9465
6092
6013
10111
1547
10025
5254
1507
3511
6971
9879
6927
10440
4345
1520
5667
10079
7625
10804
10742
2882
4836
5236
9189
7964
8046
7644
4053
2977
4654
1032
5168
10878
3936
2673
8174
6261
9806
6730
8637
10933
10756
8438
1241
7335
1250
4107
1200
7832
8856
9384
1851
6732
7033
1471
5151
8035
6098
10633
8850
9782
1399
1707
9865
8044
5734
10185
8691
9742
3685
1599
5257
8558
8855
2894
5148
2477
4681
2893
6540
6836
4655
6161
4767
1454
3184
8321
1990
1137
8759
8475
3235
4428
5626
9405
2100
8666
5889
4759
9273
9336
9521
10713
4815
5773
8439
6906
8739
2637
7141
7036
9206
8555
3294
5050
8531
5482
4792
5310
10814
7443
5122
3660
6739
3956
10468
6524
10994
1597
7850
3766
9723
3761
3112
9100
8646
5563
9969
4825
9480
9830
7173
2428
4105
10917
3576
8771
7620
9579
9594
8330
2833
5303
6489
4635
9201
7438
9312
7915
1745
10516
4119
8645
9648
8760
9981
8376
6767
1553
8812
6359
1845
9214
1575
9313
9422
2744
5611
3143
5463
7320
2854
8104
7732
6050
1257
3763
10359
4867
5086
5991
7442
8671
7008
1750
5000
7361
4031
6030
8078
4592
3041
6849
4187
1291
10332
9377
6210
8525
3267
1119
7906
10845
3897
6912
6957
2887
1959
2526
7746
2930
10036
8504
1615
5418
3540
3978
1097
10999
2373
8595
8497
5258
1875
5017
8133
1588
1626
7053
3535
6846
3527
4454
7624
6080
8462
10787
7926
9327
5958
2708
5212
4635
5665
9626
8142
6651
4936
1654
2084
3087
6143
6178
7786
9748
2976
4181
10011
2719
10970
10928
8079
4270
5320
6573
5028
5088
9252
9407
1321
4042
2827
10746
9896
6867
1856
6296
5813
7789
3352
9499
7198
1016
10790
1090
7333
1469
4876
4634
9057
1430
10565
4624
1587
10976
6284
8919
9456
1123
1303
7045
7835
1139
9362
5844
3092
6558
8920
6711
2203
4599
1415
9272
9780
2819
10413
8064
6144
2833
7285
3370
8772
1401
1515
9387
3266
8722
4248
6070
1196
10121
4659
5940
3770
2923
10952
3611
5006
7091
9555
4192
3290
7110
3660
5441
8805
2933
6872
2338
9695
3317
4498
8994
8829
3324
3797
1989
7852
7074
3867
5294
7146
8405
10027
2261
5131
5927
7319
6066
9250
9549
10449
4656
10657
7340
10845
10892
5914
1318
9932
3803
1970
10475
9231
4650
4471
1601
9971
9210
9989
6755
10304
8581
1665
9027
4385
4051
8611
7094
7689
7463
2912
3357
5740
7878
1662
3852
8108
8584
4179
2011
7547
2406
3478
2813
8475
5346
6242
4564
9951
1225
5691
3675
4611
7273
3789
5051
10276
4974
8535
3465
6072
7046
7928
4762
6492
9619
4374
1618
8144
7833
4364
9775
10583
6546
9306
10264
6171
8999
6490
4132
7076
8251
5969
10238
4490
9897
2280
2639
7873
3442
7957
9543
5220
6762
4976
10077
6005
3869
5215
4414
4519
3333
3920
5584
9899
5288
9898
5047
7626
9168
7992
3046
4505
8090
8937
5926
1391
9757
10399
7172
8575
8640
9803
6712
1194
9547
10043
6456
3144
9204
1886
1235
6104
1203
9643
4214
4101
1266
8182
10022
8134
8128
5736
3124
1494
7873
8975
4560
1691
2617
9443
7464
5092
2024
8332
4488
9479
2339
1189
2635
9800
1171
4114
1315
10044
5083
4680
8569
4412
5110
2724
5194
1749
5599
6720
6250
6744
7788
7005
4446
8118
4262
8884
9100
5454
8551
10326
7185
9663
7835
7167
2250
7683
1573
10286
5517
1606
4233
1009
7279
8068
10936
10055
1611
1656
4160
7940
5988
9896
8765
7059
3848
7573
6501
1557
10326
10503
9010
9886
4746
10343
1610
2530
6544
8395
6673
3288
6958
7854
6224
8166
8672
9386
6207
2978
3977
8236
4871
8785
2111
5564
5733
8212
10351
4074
4032
10396
5928
1585
5842
1772
5395
1064
7396
5708
4660
9626
3439
2734
6159
8062
7163
9362
4661
4504
9911
1705
1947
9983
2733
5330
9364
7225
5866
9800
1273
2272
5349
5939
2775
7099
10098
8143
9432
3308
9738
5475
4544
7906
8886
9349
5534
2541
8278
5433
10484
3212
6626
9595
1830
5687
4248
5648
7166
4607
8849
8987
7293
2704
7653
10863
5185
7875
1319
6352
9384
4636
8163
9021
4425
9774
8478
9333
4866
3189
1838
1675
7845
4431
7274
9771
6693
7923
1149
1135
8095
3208
4637
5957
5262
10672
10025
7615
1704
4284
8042
9030
6465
5818
6093
4764
5390
10174
2676
2598
1790
5457
10320
9982
5849
10946
8252
7176
4989
6738
8598
3221
7400
1382
2454
6317
10144
2108
5449
2782
6894
7646
2195
2798
8267
6484
7371
10485
1461
3849
8258
9947
4771
8863
2448
10106
8240
3425
10120
10776
10211
4488
1742
8856
3624
1982
6320
1839
3524
2990
5617
3877
2180
3238
3807
7168
10818
4222
2289
3616
3861
9366
4035
6928
8682
10596
9934
5077
6762
4404
6895
8966
7225
9775
7108
6322
9745
8255
2224
8036
1655
8891
6303
8765
5502
10704
10727
7521
10450
9741
5296
8998
5233
1901
5336
6074
4666
7661
8282
3176
9323
3768
8798
4470
10986
4122
10919
6324
6745
6015
9156
10561
9415
7164
3758
10206
9973
7906
3326
1226
5086
6956
9012
1272
10469
3032
1390
10260
7959
4828
7915
4898
4153
2346
4071
4932
10687
8436
8881
1733
4884
3519
4216
6820
4273
5381
4854
1675
6846
2908
7774
10298
6644
1677
1114
10037
8666
6328
10433
1078
3298
7821
6406
7304
3969
10790
7867
10119
7295
10917
1998
6905
7609
3773
3579
4030
9523
9518
3890
7719
4068
6703
4500
7143
8502
6070
10711
10461
6756
7383
9152
2814
9310
2693
3414
8520
7283
5731
8500
4270
9273
8632
5762
5123
10980
4804
2778
2488
3634
5668
6684
2192
8839
5399
8121
4458
2575
7889
4152
9418
8222
4318
2277
5683
1024
4522
4968
8801
9557
10173
9371
2860
4280
2576
7846
10720
2507
10399
6298
1180
5003
1727
2693
7593
8574
9037
4094
4006
5722
6188
5056
5047
2981
6481
9595
7054
7282
7804
2715
3155
7526
4467
5359
4228
6068
4426
10347
6194
5923
4992
10278
8605
6639
7068
5657
6292
8354
8147
4253
10558
1996
4039
4978
6523
6683
9255
1281
10017
9305
8040
7043
3172
6142
8251
5630
5432
4860
4824
2830
8339
6925
10091
8982
10269
5111
8266
1297
1644
7952
10582
7323
6345
5007
9753
10455
7447
4002
5628
8996
5631
6062
1044
1280
10013
9222
4994
